         B0           fR        frf            q           qD        qR         qest      u_B0       u_fR        u_q  \
0  3.549419  4498.143111  2493000.0   915.917924   474.469496  0.203621   906.855937  0.000001   5.176862  14.487365
1  3.955902  4514.040458  2778500.0  1136.582944   597.381743  0.251788  1126.215099  0.000001   8.652408  12.000364
2  4.341028  4503.442051  3049000.0  1363.957767   690.015366  0.302870  1355.422148  0.000001   3.069695  12.131202
3  4.511879  4503.558978  3169000.0  1472.777965   729.935496  0.327025  1465.175334  0.000001   8.870157   7.276252
4  4.670771  4490.335669  3280600.0  1578.001116   785.675960  0.351422  1569.966480  0.000001   6.569153   6.556313
5  4.862836  4497.441874  3415500.0  1710.168921   845.706807  0.380254  1701.815062  0.000001   5.511239   6.228049
6  5.013042  4519.548698  3521000.0  1816.891530   902.177369  0.402007  1808.899160  0.000001   2.225871  11.751404
7  5.303489  4514.752135  3725000.0  2031.635315  1005.564919  0.449999  2024.111767  0.000001  10.624159  16.891420
8  5.568309  4504.990790  3911000.0  2240.234976  1128.093685  0.497278  2230.839130  0.000001   7.890751  18.264504

     ...     u_c2_f12  u_c2_f12_theory  u_c2_f23 u_c2_f23_theory  u_c4_f12  u_c4_f12_theory  u_c4_f23  \
0    ...     0.003115         0.000016  0.011952        0.000033  0.000454         0.000002  0.001741
1    ...     0.002388         0.000040  0.007490        0.000081  0.000195         0.000003  0.000610
2    ...     0.001584         0.000020  0.005758        0.000038  0.000265         0.000003  0.000964
3    ...     0.001763         0.000023  0.005580        0.000045  0.000284         0.000004  0.000900
4    ...     0.001129         0.000024  0.012605        0.000047  0.000166         0.000004  0.001857
5    ...     0.000724         0.000042  0.005836        0.000082  0.000104         0.000006  0.000842
6    ...     0.001391         0.000029  0.007539        0.000057  0.000247         0.000005  0.001340
7    ...     0.001815         0.000053  0.003415        0.000103  0.000284         0.000008  0.000534
8    ...     0.001633         0.000043  0.005749        0.000084  0.000298         0.000008  0.001051

   u_c4_f23_theory  c2_f12_analytic   scaling
0         0.000005         0.022188  0.054836
1         0.000007         0.014658  0.054643
2         0.000006         0.006872  0.054771
3         0.000007         0.003209  0.054770
4         0.000007        -0.000469  0.054931
5         0.000012        -0.004790  0.054844
6         0.000010        -0.007990  0.054576
7         0.000016        -0.015058  0.054634
8         0.000015        -0.021977  0.054752

[9 rows x 41 columns]

qR_magic (data):     0.352(6)
qR_magic (theory):   0.3530(7)
qR magic (analytic): 0.3483